2.50144864012,-0.018342990462,-0.54546253808,-0.315042891604,1.23165700954,-1.56684250909,0.889340712131,-1.70808963476,0.470826355852,-0.268342990462,0.481657009538,-0.810726787764
2.50144864012,-0.107552238912,-0.54546253808,-0.315042891604,1.14244776109,-1.56684250909,0.889340712131,-1.70808963476,0.470826355852,-0.357552238912,0.392447761088,-0.810726787764
2.50144864012,-0.0974889898412,-0.54546253808,-0.315042891604,1.15251101016,-1.56684250909,0.889340712131,-1.70808963476,0.470826355852,-0.347488989841,0.402511010159,-0.810726787764
2.50144864012,-0.0874157564134,-0.54546253808,-0.315042891604,1.16258424359,-1.56684250909,0.889340712131,-1.70808963476,0.470826355852,-0.337415756413,0.412584243587,-0.810726787764
2.50144864012,-0.089444304315,-0.54546253808,-0.315042891604,1.16055569569,-1.56684250909,0.889340712131,-1.70808963476,0.470826355852,-0.339444304315,0.410555695685,-0.810726787764
2.50144864012,-0.130039476605,-0.54546253808,-0.315042891604,1.11996052339,-1.56684250909,0.889340712131,-1.70808963476,0.470826355852,-0.380039476605,0.369960523395,-0.810726787764
2.50144864012,-0.0553736105973,-0.54546253808,-0.315042891604,1.1946263894,-1.56684250909,0.889340712131,-1.70808963476,0.470826355852,-0.305373610597,0.444626389403,-0.810726787764
-3.16201993833,0.180502574049,0.892737612035,1.05854277977,-0.469497425951,0.164255373084,0.950839757366,0.848196641958,-1.31191899834,0.180502574049,0.922218469825
2.50144864012,-0.0486012039168,-0.54546253808,-0.315042891604,1.20139879608,-1.56684250909,0.889340712131,-1.70808963476,0.470826355852,-0.298601203917,0.451398796083,-0.810726787764
2.50144864012,0.0423717561107,-0.54546253808,-0.315042891604,1.29237175611,-1.56684250909,0.889340712131,-1.70808963476,0.470826355852,-0.207628243889,0.542371756111,-0.810726787764
2.50144864012,-0.0325135803525,-0.54546253808,-0.315042891604,1.21748641965,-1.56684250909,0.889340712131,-1.70808963476,0.470826355852,-0.282513580353,0.467486419647,-0.810726787764
2.50144864012,0.0541837952283,-0.54546253808,-0.315042891604,1.30418379523,-1.56684250909,0.889340712131,-1.70808963476,0.470826355852,-0.195816204772,0.554183795228,-0.810726787764
2.50144864012,0.00998573328522,-0.54546253808,-0.315042891604,1.25998573329,-1.56684250909,0.889340712131,-1.70808963476,0.470826355852,-0.240014266715,0.509985733285,-0.810726787764
-3.16201993833,0.0968810579853,0.892737612035,1.05854277977,-0.553118942015,0.0806338570203,0.950839757366,0.848196641958,-1.31191899834,0.0968810579853,0.922218469825
2.50144864012,-0.0722040869251,-0.54546253808,-0.315042891604,1.17779591307,-1.56684250909,0.889340712131,-1.70808963476,0.470826355852,-0.322204086925,0.427795913075,-0.810726787764
2.50144864012,-0.0895583458003,-0.54546253808,-0.315042891604,1.1604416542,-1.56684250909,0.889340712131,-1.70808963476,0.470826355852,-0.3395583458,0.4104416542,-0.810726787764
2.50144864012,-0.0153282624131,-0.54546253808,-0.315042891604,1.23467173759,-1.56684250909,0.889340712131,-1.70808963476,0.470826355852,-0.265328262413,0.484671737587,-0.810726787764
2.50144864012,-0.0396255924569,-0.54546253808,-0.315042891604,1.21037440754,-1.56684250909,0.889340712131,-1.70808963476,0.470826355852,-0.289625592457,0.460374407543,-0.810726787764
